9.997358904069412	9.997157376912483	9.995150254390124	9.986538484880967	9.937991549673933	9.598337464418833	8.363938972158406	5.827392378541035	4.095791936409537	3.149489194900405	0.9267876955961958	0.08963730172906167	0.004993059953337145	2.4054671524282754E-4	1.0207095937779031E-5	3.697351150460599E-7	1.1082132993211417E-8	2.692936496715949E-10	5.248397830994103E-12	8.163520332945109E-14	
9.995454321658967	9.995127678582321	9.991787455209506	9.977672133980683	9.900751536939827	9.424328431191118	7.929580322814266	5.280041795705426	3.9728729566025898	2.827707591219712	0.68859334493822	0.05853353139679413	0.0031863228343834583	1.520493430132293E-4	6.412074737393846E-6	2.3146728226709994E-7	6.92645003217371E-9	1.681945656233958E-10	3.277141496340844E-12	5.0968663530327196E-14	
9.992404455028014	9.99188421203425	9.986458950211722	9.963869722495048	9.845357115385914	9.204552636797434	7.430189461333022	4.856657120235634	3.8646915635800574	2.453838253503548	0.5036269597978896	0.038738132001478166	0.0020758879500925834	9.83352764278671E-5	4.126361420068115E-6	1.4853932184694118E-7	4.438957594053334E-9	1.0772964992257225E-10	2.0985639560593E-12	3.263587429355894E-14	
9.987738451144848	9.986927220657378	9.9783682674588	9.943243351772344	9.766699883908473	8.93981996414819	6.907988548465833	4.5512147365925975	3.7472241827929405	2.0635862523542245	0.3643058961145598	0.026023612025639773	0.0013804159701359172	6.505301753416695E-5	2.7198596665030863E-6	9.770502676968501E-8	2.9169033703020053E-9	7.076057341135626E-11	1.3781806648763674E-12	2.1431518729878127E-14	
9.980943345538977	9.979709328881519	9.966644379332456	9.913794847568461	9.660827703809545	8.636023004553014	6.404804921689491	4.336000317915616	3.603872432821258	1.694012648660525	0.26203468167604715	0.01776293736943457	9.367773447632854E-4	4.401306168435261E-5	1.8360733290639633E-6	6.587092735203516E-8	1.9652803852735424E-9	4.766248588042887E-11	9.28208972398108E-13	1.443364151754848E-14	
9.971546555296282	9.969721133485606	9.950475741021673	9.873766811794647	9.52644219812066	8.303969814489767	5.9492761406536445	4.180258184024739	3.422402266577889	1.368879318388765	0.18840232007381524	0.012327917482064224	6.487140666068874E-4	3.045137114299334E-5	1.2693140601976956E-6	4.551534997601051E-8	1.357633184971722E-9	3.2922211386837803E-11	6.411213291115386E-13	9.969281986731673E-15	
9.959221264484563	9.956601570076364	9.929280575607356	9.822061113705509	9.365895984834278	7.956972695099662	5.556740169981152	4.058423117135124	3.194801868429197	1.0964174563904934	0.13605233535823713	0.008704785001978382	4.584330960586641E-4	2.1544260520959442E-5	8.986146657517564E-7	3.223323003755053E-8	9.6159784953654E-10	2.3319937036697444E-11	4.5413944296681516E-13	7.06182154597298E-15	
9.943881267054843	9.940238334574715	9.902856518489452	9.758563332681613	9.184886123214497	7.608242928057135	5.232230131139477	3.9509489281527763	2.9203831282515202	0.8746738124378524	0.09906867457228982	0.006257044521971363	3.3064431723073897E-4	1.55874938597223E-5	6.514959823543019E-7	2.3395652752014778E-8	6.983273717296865E-10	1.6939178760057415E-11	3.2990807447686754E-13	5.130203028717084E-15	
9.925718338217182	9.9208090605166	9.871431574872458	9.684177697813748	8.990670108048395	7.270820442901261	4.972554197314434	3.842009078474028	2.6113418456948265	0.6972248705853125	0.07296982370338714	0.004581019753140704	2.4344493527980927E-4	1.1534304457730808E-5	4.837381301829332E-7	1.74046070848603E-8	5.199772045926473E-10	1.2617865038112653E-11	2.4578313621168647E-13	3.82223647716279E-15	
9.905138081747323	9.898716622877766	9.83554763890156	9.60044424405317	8.789694461892822	6.9589891234638825	4.768593067278952	3.7165484757774405	2.2946163606970584	0.556659623642806	0.054496820042381454	0.0034179342040415494	1.8302765387292523E-4	8.730812028280049E-6	3.6788532032408075E-7	1.3271238110076324E-8	3.969883237209806E-10	9.638538848395051E-12	1.8778797757020687E-13	2.9205599350187353E-15	
9.882571179278658	9.874393947400813	9.795748795866313	9.508764553231035	8.586214226141612	6.687544236636617	4.607763110541359	3.558930604402036	2.0018676856326767	0.44609131875863617	0.04134230797920453	0.0026000977949759032	1.4055832732594607E-4	6.7618906354246375E-6	2.866000151641454E-7	1.0373000397493398E-8	3.1077842169861604E-10	7.550447707402487E-12	1.4714367798793308E-13	2.2886573768727614E-15	
9.858164282314345	9.847982653810474	9.752096789313459	9.409440787771226	8.383197483647628	6.468078556156021	4.4752454271445155	3.3577322307153317	1.7532569582507247	0.3595925108015888	0.03189938237663286	0.002017677090082908	1.1030434237502752E-4	5.3598881441309914E-6	2.287558082915402E-7	8.311444087755285E-9	2.4946956965766687E-10	6.065626559917352E-12	1.1824299521378924E-13	1.839340579352154E-15	
9.831369864499646	9.818906272799556	9.703570049059351	9.300913385546234	8.18536818884738	6.305252742117855	4.353265884857839	3.120380772398116	1.5517431079763178	0.29221727290092403	0.025058940465520818	0.0015979701257691234	8.849565479676886E-5	4.349704271577382E-6	1.8710289955446865E-7	6.827558342398098E-9	2.0534943663731245E-10	4.997191829814699E-12	9.744764028266492E-14	1.5160409580481671E-15	
9.800450443784731	9.785356600502844	9.647433247534064	9.179814684528429	8.001776129036513	6.195104427910472	4.220266770569704	2.883210968525123	1.3900791275893285	0.2399166224879302	0.020058079382927398	0.0012923514435760385	7.26217644928929E-5	3.615241669223014E-6	1.5685135698308306E-7	5.750577969648465E-9	1.733385932467664E-10	4.22211483433169E-12	8.236288345021778E-14	1.2815273172642697E-15	
9.761915208163758	9.743720283141919	9.578767442496225	9.042604146126589	7.8437866581881615	6.123949764742632	4.057995214059644	2.6894442190359333	1.2592935581644262	0.19943574572268624	0.016371724648236472	0.0010679723801557924	6.0992029671341334E-5	3.078619477218242E-6	1.3479864808487867E-7	4.9665621890345656E-9	1.5005126493952192E-10	3.658424321521722E-12	7.139344036066078E-14	1.1109990807138413E-15	
9.7099837371631	9.68806482401208	9.490611962474526	8.888783573161675	7.717358650087838	6.066399257137357	3.8769123598587485	2.5561466526585055	1.15261795085782	0.16820696093270882	0.013637357629964254	9.024405012900824E-4	5.245739059258468E-5	2.6871266842830863E-6	1.1878513565471064E-7	4.398847171230292E-9	1.33211905211741E-10	3.2510546356342297E-12	6.346785174243245E-14	9.87800292212014E-16	
9.636394381628486	9.610045841928661	9.375397002379371	8.722867208530655	7.613759289335539	5.988962775314629	3.734270874762058	2.4751025927501606	1.0659765903052563	0.14424256638455515	0.011603695226840998	7.803841376148665E-4	4.6232451407385586E-5	2.4049438163015913E-6	1.0735048784268366E-7	3.995750573348017E-9	1.2128878045084179E-10	2.9629636276431844E-12	5.786554060945624E-14	9.007305405478746E-16	
9.531085071240437	9.499777644159941	9.227464182667118	8.549339700504502	7.504399142356364	5.878675089390123	3.6902157791736627	2.4332116291760744	0.9973223336900907	0.1260347880039991	0.010096131706579421	6.912217861744091E-4	4.1780897441388764E-5	2.207852862437905E-6	9.951543833122767E-8	3.722789616554428E-9	1.1326246540506845E-10	2.769525047782715E-12	5.4107658570732523E-14	8.423479166115252E-16	
9.383497243034965	9.347233998356021	9.043038040544886	8.359164403631878	7.351769817194929	5.7830653791191216	3.755379736709199	2.424255852630278	0.945979887856724	0.11247056451309725	0.008993703730309296	6.277108153548117E-4	3.874158608345922E-5	2.0798590201064705E-6	9.464354445590434E-8	3.5577757186003856E-9	1.0848026306559534E-10	2.6550058720227848E-12	5.188854365409656E-14	8.079035257552277E-16	
9.181400492684684	9.140689554254024	8.812323167917093	8.124427918435039	7.158393922352721	5.770063891863282	3.9022117397702694	2.4514174015527965	0.9123482384484309	0.10276763760276203	0.008213965731225327	5.850091228617584E-4	3.6881391446582025E-5	2.011071690202668E-6	9.235568940319276E-8	3.48780672584061E-9	1.065673216126007E-10	2.6104195188174326E-12	5.103397963586182E-14	7.94692800516137E-16	
